[P1020634.JPG]
filters=finetune2=1,0.000000,0.072982,0.131930,00000000,0.000000;
moddate=0000b84e6fcf0000
width=480
height=640
textactive=0
[P1020635.JPG]
filters=finetune2=1,0.000000,0.000000,0.188070,00000000,0.000000;
moddate=0000c44e6fcf0000
width=480
height=640
textactive=0
[P1020636.JPG]
filters=finetune2=1,0.000000,0.087018,0.145965,00000000,0.000000;
moddate=0000cd4e6fcf0000
width=480
height=640
textactive=0
[P1020637.JPG]
filters=finetune2=1,0.000000,0.101053,0.084211,00000000,0.000000;
moddate=0000d64e6fcf0000
width=480
height=640
textactive=0
