[P1020615.JPG]
filters=finetune2=1,0.000000,0.218947,0.089825,00000000,0.000000;
moddate=0000bd4f6fcf0000
width=480
height=640
textactive=0
[P1020616.JPG]
filters=finetune2=1,0.000000,0.120702,0.168421,00000000,0.000000;
moddate=0000c64f6fcf0000
width=480
height=640
textactive=0
[P1020617.JPG]
filters=finetune2=1,0.000000,0.204912,0.081404,00000000,0.000000;
moddate=0000cd4f6fcf0000
width=480
height=640
textactive=0
[P1020618.JPG]
filters=finetune2=1,0.000000,0.255439,0.182456,00000000,0.000000;
moddate=0000d44f6fcf0000
width=480
height=640
textactive=0
