[P1020638.JPG]
filters=enhance=1;fill=1,0.280374;
moddate=0000934e6fcf0000
width=480
height=640
textactive=0
[P1020639.JPG]
filters=autocolor=1;finetune2=1,0.000000,0.244211,0.000000,00000000,0.000000;
moddate=0000a74e6fcf0000
width=480
height=640
textactive=0
